1.   233168
2.   4613732
3.   6857
4.   906609
5.   232792560
6.   25164150
7.   104743
8.   23514624000
9.   31875000
10.  142913828922
11.  70600674
12.  76576500
13.  5537376230
14.  837799
15.  137846528820
16.  1366
17.  21124
18.  1074
19.  171
20.  648
21.  31626
22.  871198282
23.  4179871
24.  2783915460
25.  4782
26.  983
27.  -59231
28.  669171001
29.  9183
30.  443839
31.  73682
32.  45228
33.  100
34.  40730
35.  55
36.  872187
37.  748317
38.  932718654
39.  840
40.  210
41.  7652413
42.  162
43.  16695334890 // Slow: 2 seconds on my machine
44.  5482660
45.  1533776805
46.  5777
47.  134043
48.  9110846700
49.  296962999629
50.  997651
51.  121313
52.  142857
53.  4075
54.  376
55.  249
56.  972
57.  153
58.  26241
59.  107359
60.  26033 // Slow - currently 2.5 seconds after horrible optimizations to narrow search space
61.  28684
62.  127035954683
63.  49
64.  1322
65.  272
66.  661
67.  7273
68.  6531031914842725
69.  510510
70.  8319823 // Slow, about 4.5 seconds. Though I do have a fast old solution.
71.  428570
72.  303963152391
73.  7295372
74.  402
75.  161667
76.  190569291
77.  71
78.  55374
79.  73162890
80.  40886
81.  427337
82.  260324
83.  425185
84.  101524
85.  2772
86.  1818
87.  1097343
89.  743
90.  1217
91.  14234
94.  518408346 // 2.5 seconds
95.  14316
96.  24702
98.  18769
99.  709
100. 756872327473
104. 329468
107. 259679
108. 180180
112. 1587000
113. 51161058134250
114. 16475640049
115. 168
116. 20492570929
117. 100808458960497
120. 333082500
123. 21035
124. 21417
125. 2906969179
131. 173
139. 10057761
145. 608720
146. 676333270
151. 464399
158. 409511334375
160. 16576
164. 378158756814587
173. 1572729
179. 986262
187. 17427258
188. 95962097
191. 1918080160
202. 1209002624
205. 0.5731441
206. 1389019170
243. 892371480
301. 2178309
323. 6.3551758451
346. 336108797689259276
357. 1739023853137
387. 696067597313468
429. 98792821 // 2 seconds
500. 35407281
504. 694687
577. 265695031399260211
587. 2204
